ground_truth,predicted,prefix_length
2.0,2,1
2.0,2,1
2.0,2,1
2.0,2,1
2.0,2,1
2.0,2,1
2.0,2,1
10.0,2,1
4.0,4,1
2.0,2,1
2.0,2,1
2.0,2,1
2.0,2,1
2.0,2,1
10.0,2,1
1.0,1,1
2.0,2,1
2.0,2,1
2.0,2,1
2.0,2,1
2.0,2,1
2.0,2,1
2.0,2,1
10.0,3,1
2.0,2,1
2.0,2,1
2.0,2,1
10.0,2,1
2.0,2,1
2.0,2,1
2.0,2,1
4.0,2,1
3.0,2,1
10.0,3,1
2.0,2,1
2.0,2,1
2.0,2,1
2.0,2,1
2.0,2,1
2.0,2,1
2.0,2,1
2.0,2,1
2.0,2,1
2.0,2,1
2.0,2,1
2.0,2,1
2.0,2,1
2.0,2,1
2.0,2,1
2.0,2,1
2.0,2,1
2.0,2,1
4.0,2,1
2.0,2,1
2.0,2,1
2.0,2,1
2.0,2,1
2.0,2,1
4.0,2,1
2.0,2,1
2.0,2,1
10.0,2,1
2.0,2,1
1.0,1,1
2.0,2,1
1.0,1,1
0.0,0,1
0.0,0,1
2.0,2,1
0.0,0,1
2.0,2,1
2.0,2,1
1.0,1,1
2.0,2,1
4.0,2,1
2.0,2,1
2.0,2,1
2.0,2,1
2.0,2,1
2.0,2,1
5.0,2,1
2.0,2,1
2.0,2,1
2.0,2,1
2.0,2,1
2.0,2,1
2.0,2,1
2.0,2,1
2.0,2,1
2.0,2,1
2.0,2,1
2.0,2,1
2.0,2,1
2.0,2,1
2.0,2,1
3.0,2,1
2.0,2,1
2.0,2,1
2.0,2,1
2.0,2,1
10.0,2,1
2.0,2,1
2.0,2,1
2.0,2,1
2.0,2,1
2.0,2,1
10.0,2,1
3.0,2,1
2.0,2,1
3.0,2,1
2.0,2,1
2.0,2,1
2.0,2,1
1.0,1,1
2.0,2,1
2.0,2,1
4.0,2,1
2.0,2,1
1.0,1,1
4.0,3,1
2.0,2,1
2.0,2,1
2.0,2,1
3.0,2,1
2.0,2,1
2.0,2,1
1.0,1,1
2.0,2,1
4.0,2,1
2.0,2,1
2.0,2,1
2.0,2,1
2.0,2,1
2.0,2,1
10.0,3,1
2.0,2,1
2.0,2,1
3.0,2,1
2.0,2,1
2.0,2,1
2.0,2,1
2.0,2,1
1.0,1,1
2.0,2,1
2.0,2,1
3.0,3,1
1.0,1,1
2.0,2,1
2.0,2,1
2.0,2,1
2.0,2,1
2.0,2,1
2.0,2,1
2.0,2,1
0.0,0,1
3.0,2,1
2.0,2,1
2.0,2,1
2.0,2,1
2.0,2,1
2.0,2,1
2.0,2,1
2.0,2,1
2.0,2,1
2.0,2,1
2.0,2,1
2.0,2,1
2.0,2,1
2.0,2,1
3.0,2,1
2.0,2,1
2.0,2,1
2.0,2,1
2.0,2,1
2.0,2,1
2.0,2,1
2.0,2,1
2.0,2,1
2.0,2,1
2.0,2,1
2.0,2,1
2.0,2,1
2.0,2,1
3.0,2,1
4.0,1,1
2.0,2,1
4.0,2,1
4.0,2,1
2.0,2,1
2.0,2,1
2.0,2,1
2.0,2,1
2.0,2,1
10.0,3,1
2.0,2,1
2.0,2,1
2.0,2,1
2.0,2,1
2.0,2,1
2.0,2,1
10.0,2,1
1.0,1,1
2.0,2,1
2.0,2,1
2.0,2,1
2.0,2,1
2.0,2,1
2.0,2,1
2.0,2,1
2.0,2,1
4.0,3,2
3.0,3,2
2.0,2,2
4.0,3,2
10.0,3,2
3.0,3,2
3.0,3,2
3.0,3,2
3.0,4,2
5.0,3,2
9.0,3,2
4.0,3,2
4.0,4,2
9.0,3,2
4.0,3,2
3.0,3,2
4.0,3,2
3.0,3,2
4.0,3,2
10.0,3,2
4.0,3,2
4.0,3,2
3.0,3,2
3.0,3,2
10.0,3,2
5.0,3,2
10.0,3,2
3.0,4,2
3.0,3,2
5.0,3,2
3.0,3,2
4.0,3,2
3.0,3,2
3.0,3,2
3.0,3,2
3.0,3,2
9.0,3,2
5.0,3,2
3.0,3,2
4.0,3,2
5.0,3,2
4.0,3,2
5.0,3,2
4.0,3,2
3.0,3,2
9.0,3,2
5.0,3,2
5.0,3,2
5.0,3,2
3.0,3,2
3.0,3,2
3.0,3,2
3.0,3,2
10.0,3,2
10.0,3,2
5.0,3,2
3.0,3,2
5.0,3,2
4.0,10,2
2.0,2,2
3.0,3,2
5.0,3,2
4.0,3,2
4.0,4,2
4.0,3,2
10.0,10,2
10.0,3,2
3.0,3,2
9.0,3,2
6.0,3,2
4.0,3,2
3.0,3,2
10.0,3,2
3.0,3,2
4.0,3,2
3.0,3,2
3.0,3,2
4.0,3,2
5.0,3,2
9.0,3,2
2.0,2,2
3.0,3,2
4.0,4,2
10.0,3,2
3.0,3,2
5.0,3,2
5.0,3,2
6.0,3,2
4.0,3,2
3.0,3,2
4.0,3,2
1.0,1,2
4.0,3,2
4.0,4,2
4.0,3,2
5.0,3,2
2.0,4,2
3.0,3,2
6.0,3,2
4.0,3,2
3.0,3,2
10.0,4,2
10.0,3,2
3.0,3,2
10.0,3,2
4.0,3,2
3.0,3,2
10.0,3,2
9.0,3,2
4.0,3,2
3.0,3,2
6.0,3,2
4.0,3,2
5.0,3,2
5.0,3,2
5.0,3,2
1.0,1,2
6.0,3,2
10.0,3,2
3.0,3,2
3.0,3,2
9.0,3,2
4.0,4,2
1.0,10,2
2.0,2,2
2.0,2,2
3.0,3,2
5.0,3,2
3.0,3,2
4.0,4,2
1.0,1,2
4.0,3,2
3.0,3,2
3.0,4,2
3.0,3,2
3.0,3,2
3.0,3,2
4.0,3,2
5.0,3,2
4.0,5,2
5.0,3,2
3.0,3,2
4.0,3,2
10.0,3,2
4.0,3,2
3.0,4,2
3.0,3,2
4.0,3,2
2.0,2,2
4.0,3,2
10.0,3,2
5.0,3,2
2.0,2,2
3.0,3,2
10.0,3,2
3.0,3,2
5.0,3,2
4.0,3,2
3.0,3,2
10.0,3,2
4.0,3,2
4.0,4,2
10.0,3,2
3.0,3,2
5.0,3,2
6.0,3,2
5.0,3,2
4.0,4,2
3.0,3,2
3.0,3,2
3.0,3,2
4.0,4,2
10.0,3,2
10.0,3,2
7.0,3,2
3.0,3,2
3.0,3,2
5.0,3,2
3.0,3,2
4.0,3,2
5.0,3,2
1.0,1,2
5.0,3,2
3.0,3,2
4.0,4,2
3.0,3,2
3.0,3,2
3.0,4,2
3.0,3,2
3.0,3,2
10.0,4,2
4.0,4,2
3.0,3,2
4.0,4,2
3.0,3,2
4.0,3,2
4.0,10,2
5.0,3,2
4.0,3,2
9.0,3,2
5.0,3,2
10.0,3,2
4.0,4,2
5.0,3,2
5.0,3,2
10.0,3,2
10.0,3,2
5.0,3,2
5.0,3,2
4.0,3,2
4.0,4,3
7.0,10,3
10.0,3,3
4.0,4,3
10.0,3,3
4.0,3,3
3.0,3,3
2.0,2,3
3.0,3,3
3.0,6,3
4.0,4,3
3.0,3,3
10.0,4,3
4.0,3,3
2.0,10,3
4.0,3,3
1.0,1,3
3.0,3,3
3.0,3,3
10.0,4,3
10.0,6,3
10.0,10,3
3.0,3,3
4.0,4,3
4.0,4,3
3.0,4,3
3.0,3,3
4.0,4,3
10.0,10,3
4.0,4,3
4.0,4,3
6.0,6,3
4.0,4,3
4.0,4,3
3.0,3,3
4.0,3,3
3.0,3,3
3.0,3,3
3.0,6,3
10.0,10,3
3.0,3,3
12.0,4,3
3.0,3,3
3.0,3,3
4.0,4,3
10.0,4,3
10.0,4,3
10.0,4,3
4.0,4,3
4.0,6,3
4.0,4,3
10.0,4,3
2.0,2,3
10.0,6,3
4.0,4,3
4.0,4,3
6.0,6,3
4.0,4,3
4.0,4,3
6.0,6,3
6.0,6,3
4.0,4,3
10.0,3,3
4.0,4,3
4.0,4,3
10.0,3,3
4.0,6,3
4.0,4,3
3.0,3,3
4.0,4,3
4.0,4,3
2.0,2,3
1.0,1,3
4.0,4,3
6.0,6,3
6.0,6,3
10.0,6,3
10.0,6,3
3.0,3,3
3.0,3,3
3.0,3,3
6.0,6,3
4.0,4,3
4.0,4,3
3.0,3,3
4.0,4,3
10.0,3,3
10.0,4,3
10.0,3,3
4.0,4,3
2.0,10,3
4.0,6,3
4.0,4,3
4.0,4,3
3.0,6,3
10.0,6,3
10.0,6,3
3.0,4,3
5.0,10,3
3.0,3,3
4.0,4,3
10.0,3,3
4.0,4,3
3.0,3,3
10.0,6,3
10.0,3,3
3.0,3,3
3.0,3,3
10.0,6,3
4.0,4,3
1.0,1,3
4.0,3,3
4.0,4,3
4.0,3,3
5.0,4,3
10.0,4,3
10.0,10,3
4.0,6,3
3.0,3,3
4.0,4,3
3.0,3,3
4.0,4,3
4.0,4,3
4.0,4,3
3.0,3,3
3.0,3,3
5.0,4,3
10.0,10,3
6.0,6,3
2.0,10,3
3.0,3,3
4.0,4,3
3.0,6,3
10.0,6,3
10.0,3,3
10.0,10,3
1.0,1,3
10.0,6,3
3.0,3,3
4.0,3,3
3.0,3,3
3.0,6,3
4.0,4,3
10.0,6,3
4.0,6,3
4.0,4,3
10.0,3,3
10.0,3,3
10.0,6,3
4.0,4,3
4.0,4,3
3.0,3,3
6.0,6,3
10.0,3,3
3.0,6,3
2.0,2,3
4.0,4,3
4.0,6,3
4.0,4,3
10.0,4,3
2.0,2,3
3.0,6,3
3.0,6,3
3.0,3,3
3.0,6,3
4.0,4,3
10.0,3,3
3.0,2,3
4.0,4,3
3.0,3,3
3.0,3,3
6.0,6,3
4.0,4,3
10.0,3,3
4.0,3,3
3.0,4,3
4.0,4,3
4.0,6,3
10.0,3,3
4.0,4,3
10.0,10,3
3.0,3,3
3.0,3,3
10.0,4,3
4.0,4,3
1.0,5,3
10.0,3,3
6.0,6,3
2.0,10,3
6.0,6,3
10.0,4,3
4.0,4,3
10.0,3,3
3.0,3,3
10.0,10,3
10.0,6,3
3.0,3,3
4.0,3,3
1.0,10,3
3.0,3,3
4.0,3,3
7.0,10,4
5.0,10,4
4.0,4,4
2.0,2,4
2.0,2,4
3.0,3,4
10.0,10,4
4.0,4,4
2.0,2,4
4.0,3,4
3.0,3,4
3.0,3,4
5.0,10,4
10.0,10,4
3.0,3,4
4.0,4,4
10.0,10,4
10.0,10,4
2.0,2,4
10.0,10,4
10.0,10,4
5.0,10,4
9.0,9,4
3.0,3,4
3.0,3,4
10.0,10,4
10.0,10,4
2.0,2,4
3.0,3,4
3.0,3,4
4.0,4,4
10.0,10,4
4.0,4,4
4.0,4,4
10.0,3,4
10.0,3,4
3.0,10,4
4.0,4,4
10.0,10,4
4.0,3,4
4.0,4,4
4.0,3,4
3.0,3,4
2.0,2,4
10.0,10,4
2.0,2,4
9.0,9,4
4.0,4,4
10.0,10,4
9.0,10,4
4.0,4,4
10.0,10,4
3.0,3,4
3.0,3,4
3.0,3,4
4.0,4,4
10.0,10,4
7.0,10,4
3.0,3,4
4.0,3,4
5.0,10,4
10.0,10,4
10.0,10,4
10.0,10,4
4.0,4,4
6.0,9,4
3.0,3,4
2.0,2,4
10.0,10,4
10.0,10,4
4.0,4,4
2.0,2,4
4.0,4,4
4.0,4,4
10.0,10,4
4.0,4,4
9.0,10,4
4.0,4,4
2.0,2,4
3.0,3,4
3.0,3,4
10.0,4,4
3.0,3,4
2.0,2,4
4.0,4,4
3.0,3,4
9.0,10,4
7.0,10,4
0.0,4,4
10.0,10,4
2.0,2,4
12.0,10,4
9.0,10,4
3.0,3,4
10.0,10,4
9.0,9,4
10.0,10,4
4.0,4,4
3.0,3,4
3.0,3,4
10.0,10,4
10.0,10,4
5.0,10,4
10.0,4,4
3.0,3,4
10.0,10,4
2.0,2,4
2.0,2,4
4.0,4,4
2.0,2,4
2.0,2,4
9.0,10,4
4.0,4,4
3.0,3,4
7.0,2,4
3.0,10,4
3.0,3,4
4.0,4,4
10.0,10,4
10.0,10,4
3.0,3,4
10.0,10,4
3.0,3,4
10.0,10,4
7.0,10,4
2.0,2,4
10.0,10,4
6.0,10,4
4.0,4,4
4.0,3,4
10.0,10,4
9.0,9,4
3.0,4,4
5.0,10,4
4.0,4,4
3.0,3,4
10.0,10,4
3.0,3,4
3.0,3,4
7.0,10,4
10.0,10,4
3.0,3,4
10.0,4,4
4.0,4,4
6.0,10,4
10.0,10,4
10.0,10,4
2.0,2,4
2.0,2,4
10.0,10,4
3.0,10,4
9.0,10,4
3.0,3,4
4.0,4,4
4.0,3,4
9.0,10,4
10.0,3,4
3.0,3,4
3.0,3,4
10.0,10,4
2.0,2,4
3.0,10,4
10.0,10,4
9.0,10,4
3.0,3,4
3.0,10,4
3.0,3,4
2.0,2,4
3.0,3,4
9.0,10,4
2.0,2,4
3.0,3,4
2.0,2,4
3.0,3,4
4.0,4,4
4.0,4,4
2.0,2,4
3.0,4,4
10.0,10,4
10.0,10,4
7.0,10,4
9.0,10,4
3.0,3,4
7.0,10,4
7.0,10,4
4.0,4,4
5.0,2,4
10.0,10,4
3.0,3,4
4.0,4,4
9.0,10,4
3.0,3,4
10.0,10,4
3.0,3,4
10.0,10,4
10.0,4,4
4.0,4,4
5.0,10,4
10.0,10,4
10.0,3,4
10.0,10,4
5.0,5,5
3.0,3,5
4.0,4,5
3.0,3,5
4.0,4,5
3.0,3,5
7.0,3,5
5.0,5,5
5.0,5,5
5.0,5,5
6.0,5,5
5.0,5,5
5.0,5,5
6.0,6,5
5.0,5,5
6.0,6,5
3.0,3,5
4.0,4,5
5.0,5,5
6.0,10,5
10.0,4,5
5.0,5,5
5.0,5,5
4.0,3,5
9.0,5,5
5.0,5,5
5.0,5,5
7.0,5,5
3.0,3,5
7.0,5,5
5.0,5,5
5.0,5,5
5.0,5,5
10.0,10,5
6.0,5,5
6.0,5,5
6.0,6,5
5.0,5,5
5.0,5,5
4.0,3,5
5.0,5,5
4.0,4,5
10.0,10,5
4.0,3,5
5.0,5,5
5.0,5,5
3.0,4,5
10.0,10,5
6.0,5,5
4.0,4,5
6.0,5,5
10.0,10,5
5.0,5,5
4.0,4,5
9.0,5,5
4.0,4,5
6.0,5,5
5.0,5,5
5.0,5,5
9.0,5,5
5.0,5,5
10.0,10,5
5.0,5,5
5.0,5,5
5.0,5,5
5.0,5,5
5.0,5,5
6.0,5,5
5.0,5,5
7.0,5,5
5.0,5,5
5.0,5,5
5.0,5,5
7.0,5,5
7.0,5,5
7.0,7,5
10.0,10,5
4.0,4,5
10.0,10,5
9.0,5,5
6.0,5,5
5.0,5,5
5.0,5,5
5.0,5,5
4.0,3,5
4.0,4,5
5.0,5,5
4.0,4,5
7.0,7,5
4.0,4,5
5.0,5,5
6.0,5,5
5.0,5,5
5.0,5,5
5.0,5,5
7.0,5,5
3.0,3,5
12.0,2,5
9.0,5,5
2.0,2,5
5.0,5,5
3.0,3,5
6.0,7,5
10.0,5,5
6.0,5,5
5.0,5,5
9.0,5,5
6.0,5,5
5.0,5,5
4.0,4,5
5.0,5,5
3.0,3,5
5.0,5,5
3.0,3,5
10.0,5,5
5.0,5,5
3.0,3,5
5.0,5,5
5.0,5,5
5.0,5,5
6.0,5,5
4.0,4,5
5.0,5,5
5.0,5,5
10.0,5,5
4.0,4,5
5.0,5,5
4.0,4,5
10.0,4,5
5.0,5,5
4.0,3,5
5.0,5,5
5.0,5,5
3.0,3,5
5.0,5,5
7.0,4,5
7.0,5,5
4.0,4,5
5.0,5,5
6.0,5,5
10.0,10,5
10.0,4,5
6.0,6,5
3.0,3,5
9.0,5,5
5.0,5,5
5.0,5,5
10.0,10,5
5.0,5,5
5.0,5,5
3.0,3,5
6.0,5,5
10.0,10,5
5.0,5,5
7.0,2,5
5.0,5,5
9.0,7,5
5.0,5,5
9.0,5,5
9.0,5,5
5.0,5,5
6.0,5,5
5.0,5,5
10.0,10,5
10.0,5,5
6.0,5,5
6.0,5,5
5.0,5,5
5.0,5,5
5.0,5,5
5.0,5,5
4.0,3,5
5.0,5,5
5.0,5,5
5.0,5,5
10.0,10,5
4.0,3,5
4.0,4,5
6.0,5,5
3.0,3,5
4.0,4,5
4.0,4,5
3.0,3,5
5.0,5,5
5.0,5,5
5.0,5,5
7.0,7,6
4.0,4,6
10.0,3,6
10.0,10,6
6.0,6,6
10.0,7,6
6.0,6,6
10.0,10,6
6.0,6,6
5.0,7,6
6.0,6,6
6.0,6,6
4.0,4,6
6.0,6,6
6.0,6,6
7.0,7,6
7.0,7,6
6.0,6,6
7.0,7,6
6.0,6,6
3.0,3,6
5.0,7,6
4.0,4,6
5.0,7,6
6.0,6,6
6.0,6,6
6.0,6,6
10.0,10,6
6.0,6,6
6.0,6,6
7.0,7,6
7.0,7,6
10.0,4,6
4.0,4,6
6.0,6,6
5.0,7,6
6.0,6,6
4.0,4,6
10.0,10,6
10.0,10,6
6.0,6,6
3.0,4,6
6.0,6,6
6.0,6,6
6.0,6,6
6.0,6,6
5.0,7,6
5.0,5,6
7.0,5,6
4.0,4,6
3.0,3,6
3.0,3,6
6.0,6,6
5.0,7,6
6.0,6,6
6.0,6,6
3.0,3,6
10.0,10,6
6.0,6,6
6.0,6,6
6.0,6,6
3.0,3,6
10.0,10,6
5.0,4,6
6.0,6,6
7.0,7,6
6.0,6,6
6.0,6,6
5.0,7,6
6.0,6,6
6.0,6,6
6.0,6,6
7.0,7,6
6.0,6,6
6.0,6,6
6.0,6,6
6.0,6,6
6.0,6,6
6.0,6,6
6.0,6,6
5.0,7,6
6.0,6,6
7.0,7,6
8.0,3,6
4.0,4,6
4.0,4,6
6.0,6,6
6.0,6,6
7.0,7,6
6.0,6,6
6.0,6,6
6.0,6,6
6.0,6,6
5.0,7,6
6.0,6,6
6.0,6,6
9.0,7,6
6.0,6,6
7.0,7,6
6.0,6,6
6.0,6,6
6.0,6,6
6.0,6,6
6.0,6,6
6.0,6,6
5.0,7,6
6.0,6,6
6.0,6,6
6.0,6,6
6.0,6,6
4.0,5,6
3.0,3,6
6.0,6,6
6.0,6,6
6.0,6,6
6.0,6,6
6.0,6,6
6.0,6,6
6.0,6,6
6.0,6,6
6.0,6,6
6.0,6,6
7.0,7,6
6.0,6,6
5.0,7,6
6.0,6,6
6.0,6,6
3.0,3,6
6.0,6,6
8.0,3,6
5.0,7,6
6.0,6,6
6.0,6,6
6.0,5,6
6.0,6,6
6.0,6,6
4.0,4,6
6.0,6,6
6.0,6,6
6.0,6,6
6.0,6,6
6.0,6,6
4.0,7,6
6.0,6,6
6.0,6,6
6.0,6,6
4.0,3,6
6.0,6,6
6.0,4,6
6.0,6,6
10.0,2,6
6.0,6,6
6.0,6,6
6.0,6,6
6.0,6,6
6.0,6,6
6.0,6,6
2.0,3,6
6.0,6,6
10.0,10,6
6.0,6,6
6.0,6,6
5.0,7,6
8.0,3,6
6.0,6,6
6.0,6,6
7.0,7,6
7.0,7,6
6.0,6,6
7.0,7,6
6.0,6,6
7.0,7,6
6.0,6,6
6.0,6,6
6.0,6,6
6.0,6,6
7.0,7,7
7.0,7,7
7.0,7,7
6.0,6,7
7.0,7,7
7.0,7,7
7.0,7,7
12.0,7,7
9.0,7,7
3.0,8,7
7.0,7,7
7.0,7,7
8.0,4,7
7.0,7,7
7.0,7,7
7.0,7,7
7.0,7,7
7.0,7,7
7.0,7,7
7.0,7,7
7.0,7,7
7.0,7,7
6.0,6,7
7.0,7,7
7.0,7,7
3.0,4,7
7.0,7,7
7.0,7,7
12.0,7,7
9.0,7,7
9.0,7,7
4.0,4,7
7.0,7,7
7.0,7,7
5.0,4,7
7.0,7,7
7.0,7,7
7.0,7,7
7.0,7,7
7.0,7,7
10.0,10,7
7.0,7,7
3.0,3,7
7.0,7,7
12.0,7,7
12.0,7,7
9.0,9,7
3.0,7,7
9.0,7,7
3.0,4,7
7.0,7,7
7.0,7,7
7.0,7,7
7.0,7,7
7.0,7,7
7.0,7,7
7.0,7,7
7.0,7,7
7.0,4,7
9.0,7,7
7.0,7,7
9.0,7,7
9.0,7,7
3.0,8,7
7.0,3,7
4.0,4,7
7.0,7,7
7.0,7,7
7.0,7,7
7.0,7,7
7.0,7,7
3.0,7,7
6.0,6,7
9.0,7,7
7.0,7,7
7.0,7,7
9.0,7,7
7.0,7,7
7.0,3,7
9.0,7,7
7.0,7,7
9.0,7,7
7.0,7,7
7.0,7,7
7.0,7,7
4.0,4,7
8.0,4,7
4.0,4,7
7.0,7,7
3.0,3,7
7.0,7,7
7.0,7,7
7.0,7,7
4.0,4,7
3.0,3,7
7.0,7,7
7.0,7,7
12.0,7,7
9.0,7,7
4.0,4,7
7.0,7,7
3.0,4,7
7.0,7,7
10.0,7,7
7.0,7,7
7.0,7,7
7.0,7,7
7.0,7,7
12.0,7,7
7.0,7,7
4.0,4,7
7.0,7,7
7.0,7,7
7.0,7,7
7.0,7,7
7.0,7,7
7.0,7,7
7.0,7,7
7.0,7,7
7.0,7,7
7.0,7,7
4.0,3,7
7.0,7,7
12.0,7,7
9.0,7,7
7.0,7,7
7.0,7,7
7.0,7,7
7.0,7,7
7.0,7,7
7.0,7,7
3.0,2,7
12.0,7,7
4.0,7,7
7.0,7,7
7.0,7,7
7.0,7,7
7.0,7,7
7.0,7,7
7.0,7,7
3.0,3,7
9.0,7,7
7.0,7,7
7.0,7,7
7.0,7,7
12.0,7,7
3.0,3,7
7.0,7,7
7.0,7,7
7.0,7,7
7.0,7,7
7.0,7,7
3.0,7,7
9.0,7,7
7.0,7,7
7.0,7,7
7.0,7,7
7.0,7,7
4.0,4,7
7.0,7,7
7.0,7,7
7.0,7,7
4.0,3,7
7.0,7,7
11.0,9,7
7.0,7,7
7.0,7,7
7.0,4,7
7.0,7,7
12.0,7,7
7.0,7,7
7.0,7,7
7.0,7,7
6.0,6,7
11.0,9,7
4.0,3,8
10.0,4,8
8.0,3,8
3.0,3,8
4.0,3,8
7.0,3,8
3.0,3,8
9.0,3,8
4.0,3,8
4.0,4,8
12.0,3,8
4.0,4,8
4.0,4,8
4.0,3,8
7.0,3,8
4.0,3,8
4.0,3,8
12.0,3,8
4.0,3,8
4.0,3,8
4.0,4,8
7.0,7,8
8.0,3,8
4.0,3,8
7.0,3,8
6.0,6,8
3.0,3,8
7.0,3,8
4.0,3,8
7.0,3,8
3.0,3,8
3.0,3,8
3.0,3,8
3.0,7,8
9.0,9,8
8.0,3,8
4.0,3,8
4.0,3,8
4.0,3,8
3.0,3,8
4.0,3,8
7.0,3,8
4.0,3,8
4.0,3,8
3.0,10,8
4.0,3,8
4.0,3,8
7.0,3,8
12.0,3,8
3.0,3,8
7.0,7,8
4.0,3,8
4.0,3,8
9.0,7,8
5.0,3,8
6.0,6,8
9.0,9,8
10.0,3,8
4.0,3,8
7.0,3,8
3.0,3,8
13.0,3,8
3.0,3,8
3.0,3,8
8.0,3,8
4.0,3,8
3.0,3,8
7.0,3,8
7.0,3,8
7.0,3,8
4.0,3,8
4.0,4,8
7.0,3,8
3.0,9,8
7.0,3,8
7.0,4,8
4.0,3,8
4.0,3,8
4.0,3,8
4.0,4,8
3.0,3,8
3.0,3,8
3.0,3,8
3.0,3,8
7.0,3,8
7.0,3,8
4.0,3,8
3.0,3,8
7.0,3,8
3.0,3,8
9.0,3,8
4.0,3,8
8.0,6,8
7.0,3,8
4.0,4,8
4.0,3,8
3.0,3,8
12.0,7,8
3.0,10,8
9.0,3,8
4.0,3,8
4.0,3,8
3.0,3,8
4.0,7,8
10.0,4,8
3.0,3,8
3.0,3,8
7.0,3,8
9.0,9,8
3.0,3,8
4.0,3,8
9.0,9,8
10.0,10,8
3.0,7,8
4.0,3,8
4.0,3,8
8.0,3,8
3.0,3,8
7.0,3,8
7.0,3,8
3.0,3,8
4.0,3,8
4.0,3,8
4.0,3,8
10.0,10,8
3.0,4,8
7.0,3,8
4.0,3,8
7.0,3,8
3.0,3,8
10.0,3,8
4.0,3,8
3.0,3,8
12.0,7,8
3.0,3,8
3.0,3,8
7.0,3,8
8.0,3,8
10.0,7,8
7.0,3,8
4.0,7,8
7.0,3,8
7.0,3,8
4.0,3,8
4.0,3,8
4.0,3,8
3.0,3,8
7.0,3,8
4.0,3,8
3.0,3,8
3.0,3,8
8.0,4,8
4.0,4,8
10.0,3,8
4.0,4,8
8.0,7,8
3.0,10,8
8.0,3,8
3.0,3,8
9.0,9,9
4.0,3,9
3.0,3,9
9.0,9,9
4.0,4,9
4.0,4,9
3.0,3,9
3.0,3,9
4.0,4,9
8.0,3,9
3.0,3,9
3.0,3,9
4.0,3,9
3.0,3,9
4.0,4,9
8.0,3,9
7.0,4,9
4.0,4,9
8.0,7,9
3.0,3,9
4.0,4,9
4.0,3,9
3.0,3,9
4.0,3,9
3.0,3,9
4.0,4,9
4.0,4,9
11.0,9,9
4.0,4,9
10.0,3,9
4.0,4,9
3.0,4,9
4.0,4,9
4.0,4,9
4.0,4,9
4.0,4,9
8.0,7,9
7.0,7,9
3.0,4,9
4.0,4,9
3.0,4,9
3.0,4,9
3.0,10,9
3.0,3,9
4.0,4,9
5.0,7,9
9.0,9,9
4.0,3,9
3.0,3,9
7.0,7,9
3.0,3,9
4.0,4,9
4.0,4,9
3.0,4,9
8.0,3,9
4.0,3,9
4.0,4,9
4.0,10,9
4.0,4,9
4.0,4,9
3.0,3,9
4.0,4,9
3.0,3,9
3.0,3,9
4.0,3,9
3.0,4,9
8.0,3,9
3.0,10,9
10.0,13,9
3.0,4,9
10.0,3,9
9.0,9,9
3.0,3,9
3.0,3,9
4.0,10,9
3.0,4,9
3.0,3,9
3.0,3,9
9.0,9,9
3.0,3,9
8.0,3,9
4.0,4,9
3.0,3,9
3.0,3,9
7.0,4,9
4.0,3,9
4.0,4,9
4.0,3,9
8.0,3,9
4.0,4,9
11.0,9,9
5.0,4,9
3.0,3,9
4.0,4,9
3.0,3,9
10.0,3,9
4.0,4,9
3.0,3,9
3.0,4,9
3.0,3,9
3.0,3,9
7.0,3,9
4.0,4,9
3.0,3,9
3.0,3,9
3.0,3,9
4.0,3,9
4.0,3,9
4.0,4,9
3.0,3,9
4.0,3,9
3.0,3,9
4.0,4,9
9.0,9,9
4.0,4,9
3.0,4,9
3.0,3,9
3.0,3,9
8.0,4,9
3.0,3,9
8.0,4,9
7.0,7,9
9.0,9,9
9.0,10,9
8.0,3,9
3.0,13,9
3.0,3,9
9.0,9,9
4.0,3,9
3.0,3,9
4.0,4,9
12.0,4,9
4.0,3,9
9.0,10,9
7.0,7,9
4.0,3,9
3.0,3,9
9.0,9,9
3.0,3,9
3.0,3,9
3.0,3,9
7.0,4,9
3.0,3,9
4.0,3,9
4.0,4,9
12.0,3,9
4.0,4,9
3.0,4,9
8.0,3,9
3.0,3,9
3.0,3,9
4.0,4,10
7.0,8,10
9.0,9,10
9.0,9,10
3.0,3,10
3.0,4,10
7.0,8,10
4.0,4,10
4.0,3,10
3.0,3,10
10.0,4,10
4.0,8,10
4.0,4,10
10.0,4,10
10.0,10,10
3.0,3,10
4.0,4,10
8.0,4,10
4.0,8,10
3.0,8,10
9.0,9,10
7.0,8,10
3.0,8,10
4.0,4,10
4.0,7,10
7.0,3,10
3.0,4,10
9.0,9,10
7.0,4,10
4.0,4,10
8.0,3,10
3.0,4,10
3.0,3,10
3.0,4,10
3.0,3,10
10.0,4,10
8.0,3,10
11.0,9,10
4.0,4,10
4.0,4,10
3.0,3,10
10.0,4,10
10.0,10,10
3.0,8,10
4.0,4,10
8.0,3,10
4.0,4,10
9.0,9,10
8.0,3,10
9.0,9,10
3.0,3,10
4.0,4,10
3.0,4,10
9.0,9,10
3.0,3,10
3.0,8,10
10.0,4,10
4.0,4,10
10.0,10,10
3.0,3,10
4.0,4,10
8.0,4,10
4.0,4,10
9.0,9,10
3.0,4,10
3.0,8,10
10.0,10,10
4.0,10,10
9.0,9,10
4.0,4,10
8.0,8,10
8.0,4,10
3.0,10,10
3.0,4,10
3.0,3,10
4.0,4,10
8.0,8,10
7.0,8,10
4.0,4,10
4.0,4,10
4.0,4,10
4.0,8,10
8.0,4,10
8.0,7,10
4.0,4,10
8.0,4,10
11.0,9,10
3.0,8,10
3.0,4,10
3.0,3,10
8.0,4,10
4.0,3,10
3.0,3,10
8.0,4,10
4.0,3,10
7.0,8,10
3.0,3,10
3.0,4,10
3.0,3,10
9.0,11,10
7.0,4,10
7.0,8,10
8.0,8,10
8.0,4,10
4.0,4,10
7.0,8,10
9.0,4,10
7.0,8,10
8.0,3,10
3.0,4,10
4.0,4,10
7.0,4,10
4.0,4,10
4.0,4,10
11.0,9,10
3.0,4,10
4.0,4,10
10.0,4,10
4.0,4,10
4.0,4,10
3.0,3,10
4.0,4,10
3.0,3,10
3.0,3,10
3.0,3,10
4.0,4,10
10.0,10,10
4.0,8,10
7.0,4,10
3.0,3,10
3.0,3,10
8.0,4,10
7.0,8,10
9.0,9,10
8.0,4,10
3.0,3,10
10.0,4,10
8.0,3,10
4.0,4,10
3.0,4,10
4.0,3,11
9.0,9,11
8.0,3,11
8.0,8,11
4.0,4,11
11.0,9,11
4.0,4,11
3.0,8,11
3.0,7,11
3.0,4,11
4.0,3,11
4.0,3,11
9.0,9,11
3.0,3,11
9.0,9,11
9.0,9,11
11.0,9,11
3.0,3,11
10.0,4,11
3.0,10,11
3.0,8,11
4.0,4,11
3.0,3,11
3.0,3,11
4.0,4,11
11.0,9,11
15.0,8,11
11.0,9,11
8.0,8,11
10.0,3,11
8.0,8,11
3.0,3,11
8.0,8,11
4.0,8,11
9.0,9,11
8.0,3,11
10.0,3,11
3.0,7,11
3.0,3,11
3.0,4,11
9.0,9,11
3.0,8,11
4.0,4,11
3.0,3,11
4.0,4,11
15.0,4,11
3.0,3,11
4.0,4,11
4.0,3,11
3.0,3,11
3.0,3,11
4.0,4,11
4.0,4,11
8.0,8,11
9.0,9,11
4.0,4,11
4.0,4,11
10.0,10,11
3.0,3,11
4.0,3,11
3.0,7,11
9.0,9,11
8.0,3,11
4.0,4,11
3.0,7,11
9.0,9,11
3.0,3,11
4.0,4,11
4.0,4,11
8.0,3,11
3.0,8,11
4.0,8,11
4.0,8,11
10.0,7,11
9.0,9,11
14.0,3,11
3.0,4,11
8.0,8,11
7.0,4,11
3.0,3,11
7.0,3,11
9.0,9,11
4.0,3,11
4.0,4,11
4.0,4,11
11.0,9,11
9.0,9,11
3.0,3,11
11.0,9,11
11.0,9,11
9.0,9,11
4.0,8,11
10.0,10,11
4.0,4,11
4.0,4,11
8.0,4,11
8.0,4,11
3.0,3,11
7.0,3,11
3.0,3,11
3.0,3,11
4.0,4,11
3.0,3,11
3.0,4,11
9.0,9,11
10.0,8,11
3.0,8,11
4.0,4,11
3.0,3,11
3.0,4,11
9.0,9,11
8.0,3,11
4.0,4,11
9.0,9,11
10.0,4,11
3.0,7,11
4.0,4,11
8.0,8,11
4.0,7,11
3.0,3,11
3.0,8,11
8.0,8,11
10.0,7,11
3.0,8,11
8.0,3,11
4.0,4,11
4.0,4,11
3.0,4,11
4.0,4,12
8.0,4,12
8.0,3,12
4.0,4,12
10.0,3,12
9.0,9,12
7.0,10,12
10.0,10,12
3.0,3,12
3.0,3,12
3.0,4,12
3.0,3,12
4.0,3,12
3.0,3,12
9.0,9,12
3.0,3,12
4.0,3,12
4.0,4,12
4.0,4,12
9.0,9,12
11.0,9,12
3.0,3,12
11.0,11,12
10.0,10,12
3.0,3,12
3.0,3,12
4.0,8,12
3.0,4,12
4.0,8,12
4.0,4,12
4.0,4,12
10.0,10,12
9.0,9,12
4.0,4,12
3.0,3,12
3.0,10,12
4.0,4,12
4.0,4,12
4.0,4,12
4.0,7,12
9.0,9,12
8.0,3,12
9.0,9,12
11.0,9,12
11.0,9,12
9.0,9,12
10.0,10,12
3.0,3,12
8.0,8,12
7.0,4,12
8.0,4,12
3.0,8,12
9.0,9,12
9.0,9,12
10.0,10,12
9.0,9,12
4.0,4,12
4.0,4,12
4.0,3,12
4.0,4,12
4.0,3,12
4.0,4,12
4.0,10,12
3.0,3,12
4.0,8,12
8.0,3,12
9.0,9,12
4.0,4,12
10.0,3,12
10.0,10,12
9.0,9,12
3.0,3,12
9.0,9,12
15.0,8,12
9.0,9,12
3.0,3,12
4.0,8,12
7.0,4,12
9.0,9,12
11.0,9,12
11.0,9,12
3.0,3,12
4.0,3,12
9.0,9,12
15.0,8,12
8.0,3,12
4.0,10,12
4.0,10,12
4.0,3,12
4.0,8,12
3.0,10,12
9.0,9,12
14.0,3,12
4.0,4,12
9.0,9,12
3.0,10,12
4.0,4,12
4.0,4,12
4.0,4,12
4.0,3,12
4.0,8,12
4.0,7,12
3.0,8,12
9.0,9,12
8.0,3,12
3.0,3,12
3.0,3,12
7.0,10,12
7.0,4,12
10.0,10,12
9.0,9,12
3.0,8,12
8.0,3,13
3.0,3,13
4.0,3,13
3.0,4,13
9.0,9,13
4.0,4,13
9.0,9,13
9.0,9,13
3.0,3,13
4.0,8,13
3.0,3,13
4.0,8,13
9.0,9,13
4.0,4,13
8.0,8,13
8.0,3,13
8.0,3,13
4.0,3,13
4.0,4,13
3.0,4,13
4.0,4,13
10.0,4,13
3.0,3,13
9.0,9,13
3.0,8,13
4.0,3,13
4.0,3,13
4.0,3,13
4.0,4,13
9.0,9,13
13.0,8,13
4.0,4,13
4.0,3,13
4.0,4,13
9.0,9,13
4.0,10,13
8.0,4,13
10.0,10,13
8.0,3,13
4.0,8,13
9.0,9,13
8.0,3,13
4.0,4,13
8.0,3,13
11.0,9,13
7.0,3,13
10.0,10,13
11.0,9,13
3.0,4,13
8.0,3,13
8.0,3,13
3.0,8,13
4.0,3,13
3.0,3,13
3.0,3,13
4.0,8,13
7.0,4,13
4.0,10,13
3.0,3,13
4.0,4,13
8.0,8,13
8.0,3,13
8.0,8,13
3.0,3,13
9.0,9,13
9.0,9,13
10.0,3,13
3.0,8,13
8.0,4,13
8.0,3,13
3.0,3,13
4.0,4,13
11.0,9,13
9.0,9,13
4.0,8,13
8.0,8,13
9.0,9,13
4.0,4,13
10.0,10,13
4.0,8,13
9.0,9,13
3.0,3,13
4.0,4,13
9.0,9,13
3.0,8,13
4.0,3,13
4.0,3,13
4.0,4,13
4.0,8,13
3.0,3,13
4.0,4,13
8.0,3,13
4.0,3,14
8.0,3,14
3.0,4,14
9.0,9,14
8.0,3,14
4.0,4,14
10.0,10,14
3.0,3,14
9.0,9,14
13.0,4,14
11.0,9,14
3.0,4,14
3.0,3,14
9.0,9,14
8.0,3,14
4.0,4,14
11.0,9,14
3.0,3,14
4.0,3,14
3.0,3,14
9.0,9,14
10.0,10,14
3.0,3,14
3.0,3,14
3.0,4,14
3.0,4,14
8.0,4,14
3.0,4,14
9.0,9,14
4.0,7,14
13.0,4,14
9.0,9,14
4.0,4,14
3.0,3,14
8.0,3,14
3.0,4,14
9.0,9,14
9.0,9,14
10.0,3,14
11.0,9,14
3.0,3,14
9.0,11,14
3.0,3,14
8.0,3,14
3.0,3,14
3.0,3,14
10.0,10,14
8.0,3,14
11.0,9,14
9.0,11,14
9.0,9,14
8.0,4,14
11.0,11,14
3.0,3,14
9.0,9,14
10.0,3,14
3.0,3,14
4.0,4,14
4.0,3,14
3.0,3,14
4.0,8,14
3.0,3,14
3.0,3,14
9.0,9,14
4.0,4,14
9.0,9,14
4.0,7,14
10.0,3,14
4.0,4,14
4.0,4,14
10.0,10,14
3.0,8,14
4.0,7,14
8.0,3,14
9.0,9,14
9.0,9,14
10.0,3,14
3.0,4,14
8.0,8,15
7.0,7,15
3.0,3,15
9.0,9,15
4.0,3,15
12.0,3,15
9.0,9,15
3.0,3,15
9.0,9,15
4.0,3,15
10.0,10,15
10.0,3,15
3.0,7,15
9.0,9,15
8.0,3,15
4.0,4,15
8.0,3,15
9.0,11,15
7.0,3,15
8.0,4,15
3.0,3,15
3.0,3,15
8.0,8,15
4.0,3,15
4.0,4,15
3.0,3,15
8.0,4,15
8.0,3,15
10.0,3,15
9.0,9,15
9.0,9,15
8.0,4,15
11.0,9,15
9.0,9,15
3.0,4,15
3.0,10,15
3.0,4,15
3.0,3,15
4.0,4,15
15.0,3,15
3.0,4,15
3.0,3,15
3.0,8,15
9.0,9,15
9.0,9,15
9.0,9,15
9.0,9,15
11.0,9,15
7.0,8,15
8.0,4,15
9.0,9,15
3.0,3,15
7.0,3,15
3.0,3,15
4.0,4,15
3.0,3,15
4.0,4,15
3.0,4,15
7.0,3,15
3.0,8,15
3.0,10,15
9.0,9,15
3.0,3,16
3.0,7,16
9.0,9,16
3.0,10,16
11.0,9,16
3.0,10,16
10.0,10,16
11.0,9,16
4.0,4,16
9.0,4,16
3.0,4,16
3.0,4,16
3.0,4,16
3.0,3,16
3.0,3,16
9.0,9,16
4.0,4,16
10.0,3,16
10.0,4,16
9.0,9,16
3.0,3,16
7.0,7,16
9.0,9,16
3.0,8,16
3.0,3,16
8.0,4,16
9.0,9,16
3.0,3,16
3.0,3,16
3.0,3,16
3.0,10,16
4.0,4,16
10.0,10,16
9.0,9,16
4.0,3,16
9.0,9,16
11.0,9,16
3.0,4,16
4.0,3,16
3.0,3,16
3.0,3,16
4.0,4,16
9.0,9,16
13.0,3,16
9.0,9,16
4.0,4,16
4.0,10,16
4.0,3,16
8.0,4,17
3.0,3,17
4.0,4,17
15.0,3,17
14.0,4,17
16.0,3,17
7.0,10,17
4.0,4,17
3.0,3,17
4.0,4,17
4.0,4,17
3.0,3,17
10.0,4,17
4.0,7,17
4.0,4,17
3.0,3,17
4.0,4,17
4.0,2,17
9.0,9,17
4.0,4,17
4.0,4,17
10.0,10,17
4.0,4,17
3.0,3,17
4.0,3,17
3.0,4,17
4.0,4,17
9.0,9,17
4.0,4,17
3.0,3,17
3.0,3,17
4.0,4,17
10.0,7,17
9.0,9,17
3.0,3,17
11.0,9,17
9.0,9,17
4.0,4,17
3.0,4,18
10.0,10,18
7.0,3,18
7.0,4,18
9.0,9,18
8.0,4,18
3.0,3,18
10.0,10,18
4.0,3,18
3.0,4,18
4.0,4,18
4.0,4,18
8.0,8,18
10.0,3,18
3.0,3,18
3.0,3,18
3.0,3,18
3.0,3,18
4.0,3,18
9.0,9,18
9.0,11,18
4.0,3,18
10.0,3,18
4.0,4,18
3.0,4,18
9.0,9,18
10.0,10,18
8.0,3,18
4.0,8,18
4.0,4,18
3.0,10,18
4.0,4,18
9.0,9,18
4.0,4,18
3.0,3,19
9.0,9,19
4.0,4,19
4.0,4,19
3.0,10,19
8.0,3,19
3.0,3,19
4.0,4,19
3.0,3,19
7.0,10,19
4.0,10,19
3.0,3,19
3.0,3,19
4.0,4,19
3.0,3,19
9.0,9,19
14.0,3,19
4.0,4,19
3.0,7,19
8.0,3,19
9.0,9,19
10.0,3,19
3.0,3,19
3.0,3,19
4.0,4,19
8.0,4,19
4.0,4,19
3.0,10,19
3.0,4,19
3.0,4,20
3.0,3,20
10.0,10,20
4.0,3,20
8.0,3,20
9.0,11,20
7.0,3,20
10.0,3,20
9.0,9,20
4.0,3,20
3.0,3,20
3.0,3,20
8.0,3,20
4.0,4,20
8.0,3,20
3.0,3,20
4.0,3,20
9.0,11,20
4.0,3,20
10.0,10,20
10.0,10,20
9.0,11,20
4.0,4,20
4.0,3,20
4.0,4,20
4.0,4,20
4.0,4,21
3.0,3,21
3.0,3,21
11.0,9,21
4.0,4,21
3.0,10,21
4.0,4,21
3.0,4,21
3.0,3,21
13.0,3,21
9.0,9,21
3.0,3,21
4.0,4,21
10.0,3,21
3.0,3,21
10.0,3,21
3.0,4,21
11.0,11,21
3.0,4,21
3.0,3,21
8.0,3,21
4.0,4,21
3.0,3,22
4.0,3,22
10.0,10,22
9.0,9,22
3.0,3,22
4.0,4,22
4.0,3,22
3.0,3,22
10.0,10,22
4.0,4,22
9.0,9,22
7.0,10,22
3.0,4,22
3.0,4,22
3.0,3,22
4.0,4,22
10.0,10,22
9.0,9,22
9.0,9,22
8.0,3,22
14.0,4,22
4.0,3,23
4.0,3,23
3.0,3,23
4.0,8,23
10.0,3,23
3.0,3,23
3.0,3,23
4.0,3,23
9.0,9,23
10.0,4,23
4.0,4,23
4.0,4,23
4.0,4,23
9.0,9,23
3.0,3,23
4.0,3,23
8.0,3,23
3.0,3,24
3.0,3,24
3.0,3,24
3.0,3,24
7.0,10,24
3.0,3,24
3.0,4,24
7.0,4,24
3.0,3,24
3.0,3,24
3.0,4,24
4.0,3,24
3.0,3,24
9.0,9,24
3.0,3,24
3.0,3,25
4.0,10,25
4.0,4,25
4.0,4,25
3.0,3,25
4.0,7,25
4.0,3,25
3.0,3,25
4.0,7,25
3.0,3,25
4.0,4,25
4.0,4,25
4.0,4,25
4.0,3,25
4.0,3,26
4.0,3,26
4.0,4,26
3.0,3,26
7.0,3,26
4.0,3,26
3.0,3,26
4.0,4,26
3.0,3,26
3.0,10,26
8.0,3,26
8.0,3,26
3.0,3,26
3.0,3,26
10.0,4,27
7.0,4,27
4.0,4,27
3.0,3,27
3.0,8,27
4.0,4,27
10.0,10,27
10.0,3,27
8.0,3,27
4.0,4,27
9.0,11,27
4.0,3,27
8.0,3,27
11.0,9,27
11.0,11,28
3.0,3,28
3.0,3,28
9.0,9,28
3.0,3,28
10.0,4,28
4.0,3,28
3.0,4,28
3.0,3,28
13.0,4,28
8.0,3,28
10.0,3,28
9.0,9,28
11.0,9,29
9.0,9,29
4.0,4,29
7.0,10,29
4.0,4,29
3.0,3,29
3.0,4,29
3.0,3,29
9.0,2,29
3.0,4,29
3.0,3,29
8.0,3,30
4.0,3,30
9.0,9,30
10.0,4,30
3.0,3,30
4.0,3,30
4.0,4,30
3.0,3,30
4.0,4,30
4.0,3,31
3.0,4,31
9.0,11,31
3.0,3,31
3.0,3,31
4.0,3,31
4.0,4,31
10.0,3,31
3.0,3,32
4.0,3,32
3.0,3,32
3.0,3,32
4.0,7,32
4.0,3,32
3.0,3,32
3.0,3,33
3.0,3,33
8.0,4,33
3.0,3,33
3.0,4,33
3.0,10,33
3.0,3,33
4.0,4,34
3.0,3,34
3.0,3,34
10.0,7,34
9.0,11,34
3.0,7,34
4.0,3,34
4.0,3,35
10.0,3,35
3.0,3,35
3.0,3,35
8.0,10,35
4.0,4,35
4.0,4,36
13.0,3,36
10.0,10,36
3.0,4,36
10.0,4,36
9.0,11,36
4.0,7,37
9.0,9,37
4.0,4,37
4.0,3,37
3.0,10,37
4.0,3,38
10.0,4,38
16.0,3,38
3.0,3,38
3.0,10,39
3.0,4,39
10.0,10,39
11.0,9,39
9.0,4,40
4.0,4,40
4.0,4,40
4.0,3,40
3.0,3,41
7.0,3,41
3.0,3,41
3.0,3,42
10.0,4,42
3.0,8,42
3.0,4,43
4.0,3,43
10.0,3,43
3.0,12,44
3.0,4,44
3.0,10,44
8.0,4,45
4.0,3,45
4.0,4,45
3.0,4,46
3.0,10,46
11.0,11,46
9.0,9,47
4.0,4,47
10.0,10,47
3.0,3,48
4.0,4,48
3.0,4,49
7.0,3,49
8.0,7,50
3.0,4,50
9.0,9,51
4.0,4,51
4.0,4,52
3.0,3,53
4.0,4,54
3.0,3,55
3.0,3,56
4.0,4,57
3.0,8,58
12.0,4,59
3.0,12,60
4.0,4,61
10.0,10,62
4.0,4,63
10.0,3,64
3.0,4,65
10.0,4,66
3.0,4,67
4.0,10,68
3.0,3,69
4.0,4,70
10.0,10,71
7.0,3,72
3.0,3,73
3.0,4,74
3.0,3,75
3.0,4,76
4.0,4,77
3.0,3,78
3.0,12,79
4.0,4,80
3.0,4,81
3.0,4,82
4.0,8,83
4.0,4,84
3.0,3,85
15.0,3,86
9.0,9,87
